<?xml version="1.0"?>
<opencv_storage>
<Distortion type_id="opencv-matrix">
  <rows>1</rows>
  <cols>5</cols>
  <dt>d</dt>
  <data>
    0.0301396898699886 -0.3531863643896517
    -0.004062757758630415 0.00438880636628238
    0. </data></Distortion>
</opencv_storage>